3 9 10 15 16
4 18 27 28 30
15 24 27 30 34
2 9 16 23 27
1 3 22 28 30
12 13 17 31 32
3 4 5 11 22
7 13 20 29 34
2 17 20 28 29
1 5 15 22 31
4 15 20 22 24
1 4 10 11 14
1 5 11 12 26
10 11 22 26 28
11 13 20 27 31
7 19 20 31 34
2 3 9 16 32
1 2 5 15 21
1 8 17 27 30
11 14 17 22 30
4 5 28 34 35
4 7 20 25 32
3 15 26 32 34
2 14 21 22 26
3 5 6 24 30
4 11 23 26 30
4 14 20 28 35
10 12 24 31 33
8 10 12 26 32
1 12 22 23 33
9 14 16 24 26
1 6 7 9 10
4 8 19 31 35
1 7 23 24 26
3 7 9 17 21
1 4 5 11 35
1 6 18 32 34
2 13 19 22 23
1 8 13 24 32
19 29 31 34 35
14 17 19 24 32
2 10 19 24 30
9 22 25 31 32
6 10 33 34 35
17 20 21 29 30
23 25 26 30 34
3 7 18 25 30
17 25 26 32 34
7 11 12 16 33
1 2 7 33 35
3 4 7 11 30
9 12 19 22 33
10 11 26 33 34
5 9 19 22 32
2 5 20 28 31
4 22 23 24 32
3 4 26 29 33
2 10 20 21 35
3 7 8 25 27
1 5 7 8 11
4 6 7 20 29
3 5 12 13 26
3 16 20 26 29
4 5 19 25 26
5 6 7 14 17
3 12 24 27 34
3 5 6 13 18
5 6 14 27 29
1 13 20 21 26
10 13 18 23 30
20 21 25 34 35
4 7 8 11 16
5 9 16 18 30
5 8 9 14 34
7 17 26 27 30
3 13 15 26 30
5 19 25 31 33
1 2 3 7 17
6 15 17 22 25
3 6 9 23 34
2 3 13 19 26
1 18 21 25 35
2 10 16 21 23
1 18 21 28 32
3 5 7 20 23
3 11 27 34 35
3 10 16 21 33
6 15 20 23 27
1 19 23 24 30
2 7 8 20 25
24 27 28 31 34
5 9 19 27 35
5 8 10 32 35
1 4 9 14 17
2 7 19 22 28
5 12 22 27 32
5 10 15 19 31
5 11 18 19 27
5 8 12 19 21
4 6 18 27 33
13 15 17 19 22
10 17 20 30 35
2 12 22 23 27
3 12 17 19 31
1 12 14 26 27
16 17 26 29 35
2 11 15 27 30
4 13 20 26 28
13 19 28 30 33
9 14 18 33 34
1 5 18 27 33
5 6 18 19 27
5 15 16 28 31
4 5 6 15 26
12 23 25 34 35
17 24 26 28 32
6 18 20 21 31
6 24 26 30 33
5 13 18 19 24
10 13 16 28 35
5 10 21 26 30
1 15 17 21 33
1 6 11 23 29
5 6 7 11 16
8 9 13 14 34
4 11 19 20 24
2 4 6 9 18
7 13 14 15 22
2 13 15 22 34
8 22 23 33 34
4 5 8 17 27
3 8 11 15 16
4 10 11 18 31
3 8 10 23 27
7 8 13 19 29
5 8 15 18 21
5 16 23 25 28
1 2 13 14 26
1 11 12 18 21
7 8 15 27 32
3 10 13 14 32
8 14 16 34 35
1 7 10 12 23
2 4 6 19 22
2 18 23 27 30
1 11 19 26 35
4 10 15 20 24
11 15 16 20 29
4 15 16 20 35
10 16 22 26 27
6 10 16 29 33
3 4 10 16 32
2 8 14 15 35
1 4 16 19 33
3 6 10 12 31
2 6 7 12 15
4 10 13 28 33
12 19 20 22 28
1 3 31 32 34
1 12 18 26 35
5 11 16 18 27
6 16 26 33 35
3 9 21 28 30
1 3 5 7 18
8 12 15 27 30
1 2 4 16 24
1 4 7 11 30
3 8 21 26 33
7 9 13 14 33
1 4 18 24 28
6 22 28 29 33
16 18 24 25 27
10 12 15 17 19
6 13 16 19 29
11 17 19 29 33
1 3 14 26 30
1 4 14 15 21
7 13 17 24 33
1 8 16 27 34
4 11 19 25 32
3 18 19 26 34
1 5 7 22 25
3 5 13 16 28
2 5 10 13 30
12 14 20 28 31
8 10 15 17 18
5 9 17 18 19
4 12 13 16 17
3 7 24 25 27
3 9 15 18 26
3 8 17 20 24
3 12 16 29 32
14 17 19 25 30
21 26 27 29 34
15 16 17 31 32
4 8 18 20 32
2 7 14 22 31
6 18 23 26 28
14 22 23 26 30
3 6 7 8 21
2 4 5 12 28
4 8 18 29 30
5 12 13 31 34
1 7 10 11 20
2 6 24 33 34
1 11 26 33 35
3 8 9 13 33
9 18 29 31 33
6 17 18 24 31
4 7 20 22 33
19 24 28 29 34
3 7 23 26 33
1 6 8 12 15
5 11 16 28 35
1 23 24 28 33
7 10 22 23 33
3 11 12 19 21
14 19 23 27 34
4 5 19 31 35
8 12 14 15 19
3 16 22 23 27
12 14 21 32 33
3 4 16 18 25
4 7 21 22 29
11 12 14 16 26
1 3 4 11 29
11 13 15 21 27
7 16 20 21 34
8 10 12 19 20
6 9 29 32 35
8 9 21 30 31
6 7 21 29 30
21 22 25 27 30
6 9 11 16 35
4 5 14 21 34
7 11 13 22 29
1 14 17 21 33
2 6 13 18 25
12 18 26 28 29
8 12 27 31 33
3 7 8 9 29
3 16 27 28 32
6 19 21 27 28
10 16 23 25 34
9 10 24 31 32
7 8 9 10 22
4 14 17 24 31
1 16 19 20 31
1 13 14 26 28
14 24 26 28 35
6 7 13 22 24
3 14 15 23 29
6 20 21 26 30
12 13 16 20 21
2 15 18 25 27
10 12 14 18 23
13 14 20 28 34
7 14 18 29 35
11 16 25 30 34
3 11 16 18 33
5 7 14 18 19
6 22 26 28 31
6 20 24 33 34
26 27 28 32 34
8 9 21 25 33
3 14 19 23 25
16 22 24 29 31
1 2 14 25 31
6 11 17 22 35
7 12 25 27 28
1 2 14 17 18
2 10 13 21 35
7 16 24 26 31
3 4 10 27 29
7 11 12 22 30
1 6 9 15 26
7 18 28 29 32
1 6 12 20 34
3 9 12 28 30
13 19 24 25 29
5 12 17 24 26
2 5 23 30 31
2 5 10 16 30
1 8 13 21 24
8 12 16 26 33
3 7 12 18 31
1 20 23 32 33
7 10 28 31 32
1 3 4 11 29
5 14 15 32 34
12 14 19 23 35
4 10 12 28 31
4 22 27 29 31
1 9 10 27 35
9 11 12 26 32
13 19 22 27 28
2 4 16 28 34
3 7 20 33 34
9 10 12 20 30
11 16 21 23 25
5 16 18 19 25
9 18 28 29 35
22 24 26 34 35
4 7 9 10 13
2 3 11 20 25
3 8 10 14 20
10 20 22 29 32
2 5 20 30 35
2 4 6 18 21
3 6 13 28 33
3 19 25 29 35
1 23 25 31 33
5 7 18 27 31
2 7 14 29 32
14 23 25 31 32
1 3 27 30 31
11 17 18 21 27
5 7 10 12 24
8 11 22 27 32
2 3 19 23 34
7 10 17 32 35
3 8 13 17 23
5 18 21 28 32
3 9 21 25 29
4 19 25 30 35
1 18 20 21 26
1 2 3 4 30
7 8 9 15 34
2 16 24 30 32
12 13 18 21 29
2 10 19 33 35
5 6 8 9 15
1 10 13 14 21
10 11 19 21 28
6 8 13 24 28
4 19 21 23 31
1 2 12 13 23
4 13 15 18 29
14 16 18 24 31
8 24 31 33 35
3 22 24 29 34
3 13 15 23 26
24 25 26 28 29
10 12 28 30 34
9 15 17 20 22
3 4 28 31 34
19 20 30 32 33
4 9 23 24 30
4 9 22 28 30
4 21 23 24 30
12 20 23 27 34
1 13 22 25 35
1 9 24 26 34
2 4 7 23 28
5 6 23 28 32
3 6 10 13 18
10 18 19 25 26
19 27 31 32 35
5 16 17 25 34
1 5 11 14 35
4 7 17 18 19
3 21 23 29 32
6 9 24 29 32
1 5 16 19 28
2 8 21 22 29
10 16 25 26 29
2 6 19 25 32
4 7 9 20 25
1 20 22 28 29
1 11 20 21 22
1 12 15 19 22
7 18 19 32 34
15 17 19 32 33
11 17 23 26 27
3 5 8 19 34
5 18 28 33 34
5 17 20 32 33
9 11 13 18 33
2 15 18 21 22
3 4 13 24 33
7 11 18 26 28
3 29 30 32 35
3 15 23 26 32
3 12 18 29 34
1 6 12 26 31
8 15 24 26 27
5 7 13 29 35
2 7 16 20 33
5 7 9 24 32
2 27 30 32 33
14 19 20 25 31
6 7 12 18 23
5 8 17 18 23
5 6 20 31 32
2 14 17 26 34
10 14 20 21 35
6 9 19 26 34
1 4 15 21 22
4 10 19 25 27
9 12 18 23 29
4 15 22 24 32
9 11 22 27 30
4 19 20 24 29
1 12 23 24 29
5 15 21 25 29
2 5 18 19 31
8 9 17 18 24
6 9 17 30 35
7 14 19 22 34
3 7 9 17 28
15 32 33 34 35
3 5 8 29 33
5 6 17 21 29
3 7 9 17 34
1 5 7 16 19
3 6 15 22 35
3 5 6 15 18
5 28 31 34 35
3 14 21 29 35
12 15 18 22 31
9 13 14 25 30
6 11 14 21 31
2 5 14 22 34
5 13 20 21 25
2 12 15 20 34
8 10 21 30 31
1 17 19 32 33
4 5 27 31 34
1 3 4 25 31
2 7 25 30 35
5 11 16 18 35
8 10 11 13 17
7 18 28 31 33
1 3 29 32 34
1 4 11 14 33
6 16 18 26 30
10 16 20 23 32
7 8 19 24 27
10 17 18 32 35
11 15 23 26 30
5 11 12 19 28
1 8 20 27 30
18 21 22 24 29
1 4 6 8 28
10 19 23 25 30
9 15 20 26 31
8 11 13 15 17
14 18 20 21 28
12 16 19 23 24
1 4 24 27 32
19 20 22 30 33
16 29 30 32 33
6 19 20 22 26
3 19 24 28 33
14 17 18 22 29
12 14 17 20 28
9 12 14 22 31
7 9 13 15 19
15 19 32 33 34
4 17 20 23 30
1 8 11 21 35
11 16 17 18 25
6 13 22 25 35
2 17 31 33 34
2 4 6 25 31
4 6 10 23 29
5 6 14 17 26
4 5 13 18 27
13 15 16 32 34
1 4 9 18 33
14 17 22 30 33
6 12 21 26 29
15 22 23 25 34
2 13 14 18 29
2 16 17 30 32
21 22 24 29 34
1 6 14 17 29
6 18 22 23 33
8 17 25 33 34
10 14 19 25 32
10 16 19 20 34
21 23 29 32 35
5 8 12 24 34
2 3 9 17 24
1 15 17 20 26
16 21 24 27 28
2 6 14 23 25
6 7 10 17 23
4 19 24 26 29
3 13 28 30 33
1 7 19 27 34
4 8 15 24 25
5 12 17 30 34
4 5 24 26 35
5 15 21 29 34
4 10 13 18 35
5 6 8 12 22
3 4 9 25 32
8 11 17 25 27
4 6 23 32 33
5 9 20 26 35
5 8 11 28 31
3 5 6 13 22
7 12 14 31 34
7 9 20 31 33
6 16 17 21 29
13 18 25 29 35
8 17 22 24 30
4 7 11 14 21
1 10 18 24 29
1 2 3 12 33
5 14 15 23 25
7 19 20 28 30
21 22 25 29 34
1 9 11 17 28
4 5 13 22 31
4 6 22 27 31
1 6 17 23 26
2 6 7 19 28
12 16 23 29 34
13 21 30 31 35
12 13 16 29 35
7 20 23 29 34
5 6 7 19 23
1 10 12 18 35
1 3 31 32 34
1 4 5 23 28
4 18 19 22 35
6 13 25 28 30
11 23 32 33 34
7 8 19 30 35
17 20 22 30 33
1 5 15 24 26
11 13 16 19 24
6 7 8 28 30
4 13 24 26 29
4 5 13 20 32
1 3 12 14 29
4 5 8 15 20
3 10 20 32 34
2 3 9 21 22
12 15 18 24 29
3 9 14 16 23
4 6 8 19 34
1 4 15 31 34
16 17 20 32 33
10 11 17 30 34
7 22 23 31 32
4 9 22 26 27
7 20 21 23 30
3 25 28 31 34
10 17 22 23 25
2 6 19 24 26
3 21 30 33 35
8 11 31 34 35
1 20 22 23 30
5 14 20 23 29
3 5 6 34 35
4 6 28 33 35
8 12 19 26 30
3 4 12 14 27
8 9 11 20 29
6 8 18 31 33
1 6 8 12 21
8 12 18 19 21
1 14 16 17 18
1 8 14 30 35
2 13 31 33 34
8 13 17 21 22
4 6 8 28 32
7 14 17 28 34
4 6 17 21 30
3 16 17 23 25
3 5 22 25 30
14 15 27 31 32
8 12 15 26 35
1 5 9 33 35
3 8 23 28 29
6 7 18 21 33
15 20 29 30 33
7 14 15 20 27
7 18 29 31 35
9 11 14 16 35
3 8 10 17 31
3 7 17 22 31
1 5 7 11 14
7 14 17 24 27
16 20 24 26 31
8 15 19 20 33
2 9 13 19 23
14 17 19 23 30
5 7 22 26 34
2 8 11 13 19
10 28 29 31 33
1 9 18 22 24
1 2 10 18 35
8 12 22 27 35
2 10 14 15 35
9 15 17 21 23
2 6 22 27 34
2 10 27 28 33
2 15 17 23 28
8 17 19 23 30
10 12 14 31 35
6 21 27 30 34
2 5 9 21 30
4 13 15 30 35
8 14 19 20 33
16 21 23 24 32
7 17 21 29 35
3 4 5 27 33
4 12 17 25 27
2 3 23 29 32
3 19 22 32 34
7 11 25 30 33
1 6 10 20 31
1 9 16 33 34
2 6 8 19 24
12 23 24 27 34
20 22 29 30 35
1 8 16 22 28
3 7 9 15 33
3 5 13 24 34
7 15 26 30 31
17 22 24 25 29
14 18 31 32 35
3 14 15 31 35
5 9 14 20 33
3 14 24 27 29
10 19 21 29 33
20 26 27 29 32
13 18 20 23 31
6 11 13 15 28
2 6 29 30 34
3 6 13 23 24
1 2 11 15 18
4 9 14 25 27
4 18 21 30 35
1 4 9 10 35
1 16 22 29 30
4 11 15 20 26
5 10 13 27 33
11 18 24 28 29
3 10 22 29 32
1 4 10 13 30
6 8 21 24 27
3 21 23 31 35
5 7 11 23 28
2 8 10 15 23
12 13 15 16 28
5 8 10 17 20
5 12 31 34 35
2 5 14 32 35
14 16 17 22 24
6 9 12 15 20
10 20 23 32 35
4 12 17 22 26
7 12 18 25 35
1 7 19 20 30
1 7 22 27 33
4 5 22 29 35
15 16 18 30 35
4 13 18 25 33
4 6 10 12 28
8 11 27 31 33
1 2 13 18 19
4 15 19 27 31
6 7 20 29 32
1 9 24 26 29
9 20 31 33 35
12 14 22 26 30
2 4 15 19 31
1 11 15 26 35
2 3 5 25 32
1 16 20 29 32
14 17 21 23 26
5 20 23 29 32
5 16 20 25 29
1 2 6 15 35
3 7 8 25 30
3 8 14 18 27
11 17 19 20 27
17 25 31 32 34
1 6 23 25 29
10 12 23 30 32
9 11 14 19 30
4 5 8 9 21
2 3 15 17 28
4 6 12 31 32
4 15 27 29 30
11 13 15 26 35
2 4 17 27 28
1 9 15 24 32
1 8 12 16 21
3 7 20 24 31
6 17 20 30 33
7 10 19 24 33
8 12 13 14 16
9 18 24 31 34
1 14 21 29 33
4 5 15 19 28
7 8 16 24 28
2 7 10 22 30
1 6 11 22 31
1 13 16 26 31
3 23 25 28 29
2 11 13 22 30
8 9 15 21 27
16 19 25 30 34
7 9 15 25 34
11 14 15 33 34
6 12 17 18 32
9 15 18 23 32
9 12 14 22 25
9 14 21 27 33
4 16 17 26 27
3 9 12 18 21
8 14 26 34 35
2 3 10 11 29
16 17 25 26 27
2 14 21 27 34
2 7 28 29 30
6 9 11 17 21
5 12 18 20 27
5 15 28 31 34
2 5 15 17 22
5 9 11 15 32
2 3 4 6 16
10 20 21 32 34
14 16 19 25 29
8 15 28 31 33
3 4 10 13 17
14 20 29 30 32
1 9 17 23 24
19 24 26 28 33
1 16 17 22 28
3 19 21 31 34
13 14 26 27 33
1 12 21 27 33
9 26 27 30 34
19 20 21 31 33
4 6 13 16 34
3 9 12 17 18
2 9 11 22 25
2 3 20 31 35
4 10 18 24 27
1 3 7 13 29
4 5 7 13 35
2 8 20 28 31
1 4 6 34 35
6 7 13 14 15
6 7 8 16 22
16 24 25 26 33
7 9 19 23 32
10 14 20 27 30
1 5 7 14 26
6 12 19 26 35
6 11 14 20 30
2 9 15 24 34
8 25 28 29 32
13 19 24 27 29
1 2 11 16 21
6 7 10 20 28
8 9 11 15 22
10 11 22 24 33
1 2 17 23 31
5 7 10 22 26
8 9 22 29 30
16 18 27 31 33
2 20 22 25 29
3 7 12 17 24
1 11 21 23 28
2 9 10 23 35
3 6 7 16 25
12 19 22 31 35
10 16 21 28 31
14 18 20 23 24
22 24 29 30 35
4 8 15 18 26
3 17 22 26 28
6 21 25 27 30
7 21 29 32 33
9 18 19 26 31
7 10 19 30 35
3 9 28 32 33
5 21 22 25 28
11 13 14 15 22
7 10 20 22 27
2 6 8 16 34
6 9 11 12 22
9 11 14 15 26
22 23 24 26 31
11 26 28 29 32
2 8 16 22 24
4 7 10 23 31
7 13 16 17 29
6 7 16 20 34
1 5 13 17 32
8 16 25 29 35
11 15 25 28 35
3 4 6 11 31
4 13 22 25 30
2 6 17 30 35
17 22 26 27 33
7 10 11 15 17
2 7 8 14 31
6 8 30 32 33
11 14 15 18 19
3 12 14 18 28
12 19 27 28 34
3 14 20 26 32
8 9 19 27 30
5 12 17 23 28
1 8 13 24 32
5 12 18 24 33
3 8 26 31 32
19 21 30 33 35
2 13 19 26 35
3 9 10 11 20
5 9 14 26 34
2 16 23 24 28
15 19 22 24 26
1 21 24 25 35
1 11 14 18 25
18 21 25 28 30
4 17 20 26 29
1 19 20 25 34
3 5 7 15 34
1 7 29 32 34
2 11 16 22 34
4 18 20 34 35
20 26 28 30 35
2 5 7 11 32
2 8 12 14 18
1 3 4 19 32
3 16 19 23 27
2 18 31 32 33
7 22 28 30 32
2 4 16 22 34
2 4 6 15 19
2 9 22 30 34
12 15 19 23 31
1 3 28 29 35
1 9 12 22 25
3 10 25 26 35
13 16 18 22 32
1 4 6 18 33
4 8 9 13 18
2 3 23 24 26
3 14 17 18 33
6 13 15 24 27
1 5 26 29 30
3 16 24 30 33
2 13 17 19 23
3 5 14 18 32
11 16 18 20 29
9 18 19 22 24
15 18 20 21 23
1 2 13 23 35
5 13 14 21 34
5 9 11 20 22
4 10 26 29 32
7 13 14 28 32
14 20 23 25 26
1 7 14 19 20
9 10 12 17 28
2 4 8 12 35
15 21 22 23 33
16 18 22 25 35
3 15 20 21 23
3 7 21 23 31
6 22 30 31 34
13 14 24 25 34
3 8 30 32 34
2 18 27 30 32
10 16 18 29 32
2 3 20 23 28
2 8 12 29 30
7 13 20 25 26
4 7 31 33 35
6 8 27 29 35
6 12 13 25 29
2 7 9 11 28
18 20 24 33 35
1 8 18 23 25
3 5 8 10 25
17 20 23 25 27
9 10 20 31 32
10 15 16 22 28
9 16 26 31 32
5 10 19 31 32
5 7 29 32 35
6 11 22 27 30
4 5 7 13 35
17 19 22 24 30
4 14 15 22 23
1 2 7 10 32
16 22 27 29 31
5 15 24 29 35
3 18 23 24 31
8 14 16 20 31
7 12 19 31 33
8 15 33 34 35
11 17 21 23 34
4 7 17 24 25
4 11 17 20 29
12 22 29 30 34
7 15 17 25 29
9 15 22 24 26
8 10 20 27 33
12 18 28 29 35
4 23 26 27 35
2 3 20 25 34
2 11 17 27 30
14 19 21 24 30
1 7 11 29 30
10 18 27 28 35
3 15 17 22 31
1 2 5 15 35
6 17 18 30 34
3 15 18 21 26
6 10 12 16 30
22 23 25 27 35
1 11 23 29 30
16 21 25 27 35
5 7 11 15 18
12 15 21 30 33
2 5 11 15 20
7 8 12 20 32
3 4 8 19 34
1 2 12 17 29
9 12 14 28 29
3 11 14 27 32
1 7 8 28 29
2 5 6 9 31
6 15 27 32 33
3 14 18 29 35
3 21 22 23 35
3 10 20 25 30
9 10 24 28 29
5 10 12 15 26
19 20 27 32 34
7 11 15 31 32
4 13 15 29 33
3 6 10 16 25
6 10 17 23 24
1 14 17 30 35
7 12 22 29 32
8 9 12 28 34
5 10 11 23 34
4 6 13 24 34
4 6 18 20 30
1 9 11 27 29
10 11 13 22 28
9 20 21 23 29
4 6 14 24 35
5 10 20 26 27
10 18 25 29 33
11 13 20 28 35
8 11 14 21 32
1 4 7 16 35
15 17 18 29 33
7 10 19 27 28
7 11 13 21 33
1 12 21 24 29
5 13 20 23 29
4 5 16 17 30
9 12 14 18 19
2 13 21 27 30
6 7 14 18 22
6 7 8 9 13
2 5 9 29 32
3 9 22 24 25
6 7 15 25 31
2 13 15 18 20
3 20 21 23 35
3 8 14 21 31
6 11 25 28 29
5 15 18 25 31
1 12 17 26 28
5 6 18 20 31
3 8 13 17 24
4 12 32 33 34
5 11 15 25 28
4 13 19 25 26
2 13 19 23 32
2 8 10 16 17
23 26 28 31 34
12 15 29 30 31
8 9 15 19 30
11 23 29 30 33
11 13 27 33 35
3 14 16 19 32
9 10 15 18 30
4 8 14 23 28
5 7 18 21 32
2 9 10 33 34
15 17 20 24 35
3 18 19 20 24
6 14 15 22 26
1 2 16 23 35
4 6 11 20 31
5 16 23 25 33
13 22 23 30 33
5 16 29 32 34
6 17 21 23 33
19 21 23 28 30
2 10 20 22 29
7 12 13 20 27
7 16 18 32 33
13 20 26 29 32
5 10 13 15 18
7 13 14 18 25
6 7 12 13 27
7 13 27 30 34
2 5 11 27 29
5 8 13 16 31
6 12 15 19 26
4 9 13 15 32
9 12 24 26 30
4 11 28 30 33
2 6 16 29 34
7 8 13 17 32
17 19 20 22 26
3 17 28 30 33
3 28 33 34 35
1 5 17 18 26
7 10 21 27 33
4 9 28 34 35
2 26 30 31 33
6 7 23 24 29
3 5 8 33 35
9 12 22 32 34
9 16 26 29 31
8 19 23 27 32
8 22 26 29 35
26 29 30 32 35
3 9 25 26 33
7 9 15 17 23
6 21 23 27 31
9 10 17 21 34
2 7 23 31 33
24 26 30 32 35
13 15 16 26 27
1 11 13 19 35
6 14 20 24 32
3 5 23 27 31
12 27 28 33 35
13 19 26 27 28
9 12 18 21 29
6 12 13 16 30
10 17 27 34 35
2 3 5 8 29
6 7 13 33 34
9 28 31 34 35
21 24 26 28 32
3 5 11 27 28
1 5 8 9 12
1 14 18 21 32
15 25 26 32 35
3 8 11 24 27
20 21 27 31 35
7 15 27 33 35
11 22 30 32 35
4 5 22 23 24
5 8 21 30 32
13 31 33 34 35
1 2 10 29 31
5 8 15 18 33
14 22 30 32 33
18 22 25 31 32
10 11 23 32 33
12 20 28 30 35
15 16 19 25 32
8 11 12 21 25
7 11 13 18 28
7 13 25 34 35
2 6 22 23 33
3 13 14 15 34
16 17 22 26 35
6 23 30 33 35
1 19 24 25 26
2 26 31 32 34
8 12 32 33 35
5 14 28 32 34
1 3 11 19 29
12 18 22 28 31
12 27 28 33 35
12 17 18 26 32
3 5 9 10 28
5 7 17 25 26
13 19 28 30 34
3 12 14 24 35
2 10 16 30 33
3 23 25 26 28
9 12 14 18 24
5 19 24 26 35
3 4 13 17 23
23 24 28 30 33
6 11 20 31 32
6 12 17 29 30
20 23 31 33 34
11 14 22 29 34
5 15 19 27 32
14 15 26 32 33
5 8 25 29 31
13 15 29 30 35
1 14 31 32 34
1 2 8 15 23
9 15 17 18 29
10 17 19 27 29
2 7 25 29 34
14 29 32 33 34
8 20 25 31 32
18 22 26 28 31
7 8 12 20 25
1 16 18 21 31
4 20 27 31 32
6 9 11 31 32
3 26 27 31 32
8 9 10 13 22
4 17 26 33 34
3 19 20 24 33
2 14 18 24 31
2 10 23 33 34
4 16 27 29 34
2 3 17 19 33
1 10 13 17 26
5 22 31 33 35
11 13 14 21 29
9 27 29 30 31
15 19 29 34 35
3 11 19 23 34
7 17 27 28 29
9 10 12 22 25
13 17 27 31 33
3 12 20 21 27
2 23 29 30 31
3 5 17 18 33
1 6 18 32 35
5 7 13 29 30
5 8 21 25 33
2 16 18 27 30
14 19 23 29 30
1 7 21 28 31
9 10 19 30 31
12 13 14 25 35
13 14 21 28 29
6 14 17 22 35
7 11 19 20 35
5 8 18 30 33
23 24 25 29 31
7 18 20 29 30
2 10 21 23 29
5 6 9 19 32
5 17 25 30 33
1 12 18 21 33
1 11 18 20 22
1 6 13 19 23
3 6 21 33 35
3 10 22 27 29
1 2 28 31 35
1 24 25 30 33
1 11 17 19 26
1 22 30 32 35
6 7 12 24 35
4 7 9 22 33
15 23 25 29 31
5 6 14 15 31
16 18 24 25 27
2 9 18 23 24
2 4 6 13 35
2 5 8 9 31
7 9 13 19 27
12 18 24 25 32
2 11 28 29 30
9 17 24 29 32
5 10 19 24 35
6 9 22 27 30
2 14 23 32 35
2 16 21 31 33
8 9 23 25 31
3 10 28 31 33
2 21 27 29 33
6 12 21 29 32
13 17 24 30 35
1 6 7 21 31
3 20 25 29 32
7 18 29 31 33
21 24 27 29 31
16 19 28 29 31
2 4 9 10 15
10 16 17 30 35
11 12 14 25 28
1 5 25 32 33
1 2 23 25 35
10 30 32 33 34
2 14 16 22 24
7 9 10 18 22
10 22 23 30 32
18 23 29 33 34
4 8 17 22 25
13 23 29 31 34
9 22 23 32 34
2 4 22 25 34
1 21 31 32 35
20 22 27 30 33
1 20 25 29 33
10 22 28 29 34
9 12 13 15 30
11 25 26 29 35
21 32 33 34 35
5 10 14 27 33
2 16 21 24 30
9 13 19 21 27
13 21 29 31 35
1 2 14 33 34
11 21 23 26 34
7 22 26 32 33
1 16 18 27 30
11 12 26 28 31
10 20 26 31 33
1 2 17 18 33
13 17 22 28 29
9 18 22 27 31
6 9 26 30 35
5 7 17 30 34
4 8 19 23 27
5 11 17 20 28
3 4 14 32 35
1 6 25 31 34
7 24 27 28 35
1 2 13 22 23
2 13 23 28 29
15 21 22 24 35
11 23 25 31 35
9 13 27 31 35
1 9 20 30 31
1 4 30 32 35
1 8 15 16 29
8 13 19 27 32
7 8 16 26 34
19 21 23 25 30
3 21 22 26 32
4 7 8 18 29
10 12 15 33 34
3 10 11 22 31
10 11 22 23 29
1 2 5 12 27
3 11 17 21 30
7 9 17 29 35
7 12 20 33 35
10 15 21 31 34
12 14 27 29 34
7 9 17 30 34
3 10 14 29 31
6 11 22 29 34
5 14 20 29 31
12 13 24 26 33
10 14 24 30 32
7 8 11 12 24
6 18 22 30 35
5 19 22 29 30
25 26 29 32 34
6 14 20 29 35
6 8 30 31 32
4 5 13 17 25
3 20 22 25 27
1 2 29 31 33
10 11 22 31 32
16 22 24 33 34
3 11 14 26 29
7 27 28 32 33
4 12 16 20 28
6 22 29 30 35
1 4 6 21 35
7 11 14 20 27
13 22 30 33 34
2 7 12 29 31
7 10 11 26 31
1 15 16 27 28
9 13 19 29 34
7 15 19 24 29
7 18 24 28 33
8 9 12 25 33
4 26 30 33 34
2 11 19 22 35
1 12 32 33 34
4 6 10 15 16
17 23 26 30 32
2 15 18 23 31
8 9 11 19 33
6 22 29 33 35
1 10 12 14 17
4 11 23 26 35
12 14 16 19 33
3 5 12 18 33
8 9 13 23 35
1 7 13 18 23
3 4 6 11 13
1 11 22 26 29
7 17 29 30 33
7 10 27 34 35
8 12 14 20 25
10 14 18 19 35
3 8 23 24 34
2 3 30 31 33
20 25 26 30 31
4 15 20 26 31
4 7 11 32 35
10 12 28 32 33
10 15 18 19 26
17 26 30 31 35
6 8 17 27 35
4 5 7 10 12
6 17 28 32 33
2 11 13 23 31
30 31 33 34 35
1 11 12 22 34
7 15 18 24 28
2 6 18 30 32
1 9 29 30 35
2 11 26 32 33
7 19 27 28 34
3 4 26 29 34
19 24 28 31 34
5 12 20 28 30
8 11 13 28 33
2 6 9 12 20
6 7 28 33 35
4 19 28 31 33
3 8 20 24 25
9 12 17 19 29
11 21 22 32 34
4 6 8 19 31
10 17 19 32 33
11 17 23 29 30
2 4 29 30 34
5 6 23 27 34
20 21 27 29 35
6 13 20 25 34
4 5 6 9 15
2 17 19 21 22
14 29 31 34 35
6 8 18 20 24
7 20 25 30 32
4 13 20 21 35
5 12 30 31 32
1 3 23 30 31
4 9 16 27 30
5 8 19 33 34
18 23 25 29 30
6 9 20 23 28
7 16 23 28 31
13 19 20 22 33
3 11 13 20 35
27 31 33 34 35
9 19 22 29 30
3 5 28 29 33
1 13 16 18 32
10 17 22 24 32
6 13 18 20 33
3 11 14 25 34
1 6 27 30 34
10 17 18 26 32
6 10 17 20 21
6 7 16 18 20
3 25 29 32 34
9 16 21 29 34
1 9 27 32 33
7 11 30 31 34
3 5 29 30 31
1 7 31 32 35
5 9 16 26 35
3 16 28 31 32
13 24 31 32 33
6 8 12 17 18
4 7 29 32 33
5 6 10 22 25
13 17 25 27 28
2 15 22 33 35
9 15 16 19 29
13 21 22 29 31
11 21 24 26 31
2 8 23 33 35
6 9 18 30 32
4 5 11 13 25
3 7 15 18 20
1 11 14 22 34
7 9 11 13 33
1 12 14 22 24
3 18 29 30 33
3 4 13 15 32
3 6 9 17 27
3 19 24 29 33
7 16 23 31 33
12 17 19 22 35
15 19 25 30 33
3 9 17 24 28
1 2 13 17 28
5 14 25 34 35
1 9 15 20 29
8 9 25 28 29
12 15 16 20 33
5 13 16 18 24
9 14 24 25 34
1 9 13 17 30
9 12 19 22 28
8 21 23 27 33
16 22 24 32 34
16 19 24 26 31
15 20 30 33 35
8 18 19 22 23
2 14 20 21 24
5 8 14 28 30
3 12 19 25 30
2 17 23 24 30
4 8 10 14 27
9 10 11 14 24
1 23 26 27 30
14 24 32 33 35
2 8 16 26 35
1 7 25 27 30
7 8 10 23 25
1 24 27 30 31
11 13 27 28 29
7 8 15 32 34
6 7 16 24 35
2 5 18 22 23
1 10 32 33 35
5 24 28 29 35
5 22 24 25 30
3 4 8 10 35
1 15 19 21 23
14 17 30 31 34
18 19 27 28 33
2 11 16 22 31
10 16 18 22 27
10 11 19 21 27
5 11 17 23 33
6 18 20 30 31
3 13 16 19 29
8 12 14 19 27
22 27 28 33 35
3 13 18 30 33
14 17 19 26 32
9 12 13 19 30
11 16 17 21 22
18 21 23 25 29
10 15 22 28 29
5 6 9 10 34
14 15 24 25 26
6 17 19 29 35
3 22 24 30 33
3 5 9 13 33
1 7 9 14 19
1 9 27 29 34
18 20 30 32 33
5 6 11 13 26
21 22 31 32 34
8 10 18 34 35
5 13 14 23 26
19 22 23 29 35
4 6 21 27 34
14 22 27 28 35
5 7 10 15 32
3 7 22 25 35
5 16 22 23 32
14 15 18 34 35
3 6 13 14 29
21 29 30 33 35
1 2 8 11 25
1 10 13 19 34
14 17 22 27 34
5 27 28 29 34
5 17 26 27 35
14 25 30 32 33
10 14 29 30 35
4 15 19 24 35
11 15 22 27 35
19 20 30 33 35
3 11 17 21 30
2 3 12 13 25
9 17 21 28 29
4 9 24 30 35
12 14 16 19 25
20 32 33 34 35
2 4 9 28 29
2 15 29 30 34
6 10 23 26 31
8 24 26 31 32
4 10 13 18 23
3 5 14 30 35
1 12 20 21 24
1 2 12 19 35
2 10 16 18 34
3 13 14 22 26
7 11 21 22 35
5 8 24 29 30
14 18 20 24 27
8 19 27 29 34
1 4 21 22 24
2 3 15 28 35
6 7 9 17 24
9 12 16 19 35
10 12 17 23 27
3 7 20 27 32
4 9 11 30 32
5 10 17 23 25
7 12 26 30 32
5 14 23 25 28
6 17 18 25 29
11 17 19 20 34
1 11 19 30 32
15 21 22 24 27
5 8 13 14 32
7 10 12 20 21
7 14 16 30 31
6 7 18 30 31
5 12 14 17 22
10 13 22 33 34
6 10 14 25 34
6 15 17 19 30
15 17 24 32 35
5 9 23 25 30
13 14 17 27 32
12 25 29 30 33
9 19 22 26 34
4 6 25 29 32
6 10 20 24 32
7 8 15 30 35
1 25 29 31 33
2 3 10 12 25
4 8 11 30 31
2 15 19 26 27
8 17 18 20 28
6 21 24 28 30
5 8 10 33 35
1 5 19 34 35
16 22 28 29 34
13 20 26 31 35
7 19 26 28 32
8 10 25 29 33
19 21 26 34 35
19 25 28 31 33
14 16 20 31 34
1 6 19 25 26
12 19 28 29 30
13 16 23 24 33
5 13 16 17 35
10 12 19 32 35
21 22 33 34 35
1 2 7 20 35
5 23 26 32 34
5 23 25 31 35
9 11 13 14 25
3 14 19 24 25
11 13 29 32 33
2 11 13 14 25
11 20 23 24 25
8 18 26 32 33
3 11 19 26 27
3 10 26 32 33
13 21 23 27 34
10 12 20 23 32
3 10 14 18 28
18 19 30 33 35
18 21 22 26 34
20 24 30 31 33
2 3 11 27 32
15 22 24 32 35
2 5 13 27 32
11 23 25 31 32
7 23 26 29 32
3 13 19 30 34
4 17 19 22 30
3 6 21 24 34
5 14 23 27 30
4 23 25 26 30
2 6 7 12 27
21 22 30 32 34
1 23 29 30 32
3 8 14 30 31
4 11 18 25 34
1 3 10 12 20
2 4 13 14 33
6 12 18 22 29
11 17 23 24 25
5 11 14 22 35
18 26 32 33 34
1 9 10 11 22
5 6 13 24 31
13 14 21 30 33
7 8 19 26 30
14 16 20 22 32
3 4 14 28 32
12 28 29 30 34
7 13 23 24 29
6 8 15 20 32
2 16 19 28 33
1 8 24 27 34
2 10 12 15 28
2 3 8 33 34
9 14 25 32 34
2 10 18 32 33
6 21 28 32 34
5 9 27 32 34
14 23 27 28 33
8 20 23 29 31
1 3 14 32 35
10 21 28 29 32
1 2 11 31 33
4 5 8 11 22
11 23 27 28 32
3 12 22 23 28
10 17 18 21 34
7 21 29 31 33
12 15 23 30 33
1 2 6 8 26
2 8 25 29 33
3 4 10 18 27
2 8 12 34 35
4 11 13 19 35
22 28 30 31 34
2 11 13 26 35
1 9 14 29 30
11 12 33 34 35
11 21 22 25 34
1 25 26 34 35
15 25 29 32 33
16 20 28 32 33
11 13 29 32 35
2 10 14 22 26
16 20 25 29 33
3 9 21 23 33
11 17 19 25 26
6 13 14 22 25
7 12 28 32 33
8 18 24 30 33
1 5 21 23 29
7 9 22 30 33
10 21 22 27 29
1 5 17 32 34
18 25 30 33 34
3 6 11 19 27
13 16 27 32 34
10 24 28 30 33
1 2 7 26 29
6 13 27 33 34
5 9 19 26 35
2 5 28 34 35
5 11 26 29 32
2 15 20 25 33
7 16 19 29 35
1 2 7 13 34
11 23 26 31 34
7 20 28 32 34
3 9 11 18 24
1 7 11 32 33
15 17 19 23 32
1 10 19 21 30
23 26 29 32 33
4 20 29 30 33
10 21 24 30 31
14 16 27 30 33
2 12 15 20 28
3 6 25 28 32
1 8 19 24 31
1 12 24 27 32
6 10 11 17 34
5 6 18 21 22
4 22 23 29 31
2 10 21 26 34
18 28 29 30 31
2 13 14 29 33
8 10 14 27 32
6 15 22 27 30
4 13 17 32 35
5 8 14 23 24
2 12 19 29 30
5 9 24 31 33
23 24 30 34 35
3 11 22 26 29
5 15 28 32 33
5 16 28 29 34
5 6 22 25 27
13 18 21 24 29
1 9 24 34 35
1 9 14 24 35
1 7 18 29 34
5 21 22 32 35
11 24 25 26 31
5 9 20 23 29
3 16 30 32 33
1 3 7 10 33
6 17 20 29 32
17 18 19 25 31
2 12 26 31 33
3 7 9 28 33
5 19 31 32 35
2 8 18 21 32
4 12 20 26 29
7 11 19 21 22
1 7 27 30 32
3 4 13 17 24
6 20 30 32 35
3 22 26 33 34
24 30 31 32 34
3 17 22 23 33
29 31 32 33 35
15 17 21 27 33
12 14 17 34 35
1 15 31 32 34
5 16 18 32 35
4 29 31 32 35
1 6 13 28 29
5 11 23 26 33
10 11 20 26 27
1 5 10 16 27
8 14 15 25 26
5 24 26 30 35
2 5 20 25 31
2 11 13 14 21
2 9 12 21 29
12 18 23 26 32
4 17 21 29 31
6 14 15 29 35
2 4 22 31 35
10 11 15 31 32
1 3 22 32 35
16 18 23 30 32
1 4 7 12 30
1 15 23 27 30
5 7 10 29 32
2 4 6 25 26
3 5 14 20 33
7 10 27 31 34
1 9 10 15 25
2 5 6 27 29
3 7 20 33 35
16 18 19 24 35
9 23 24 26 33
5 16 27 29 30
10 19 27 28 33
1 2 22 29 32
6 18 21 30 35
9 15 18 30 34
2 9 11 29 32
1 6 10 14 22
4 5 18 22 35
1 10 25 32 35
3 28 29 32 34
7 22 25 29 33
11 13 15 28 35
10 12 15 33 35
6 14 24 27 29
8 9 12 21 32
3 5 22 29 34
13 16 20 25 27
12 15 23 24 25
8 21 22 31 33
9 29 32 34 35
1 4 28 33 34
2 10 13 29 33
1 6 12 28 31
3 6 12 20 29
11 23 24 32 35
21 23 24 25 32
1 2 10 19 27
6 9 19 25 30
13 23 24 25 30
6 8 15 24 31
7 9 19 21 33
2 3 22 27 31
11 14 17 19 22
4 18 26 32 33
2 11 12 14 19
5 16 25 27 33
1 10 18 28 34
11 16 24 29 32
1 2 13 15 16
3 5 21 28 33
12 21 22 26 35
7 8 10 24 34
2 11 22 30 34
5 25 26 29 35
10 13 23 31 33
12 20 26 29 30
3 18 23 25 30
7 10 22 27 33
1 10 31 33 35
6 7 12 25 28
3 4 11 21 25
7 12 19 27 34
6 7 10 24 30
3 23 26 32 34
9 13 19 22 25
4 11 18 33 34
8 13 24 32 33
7 11 19 27 31
14 22 32 33 35
1 6 10 22 35
3 7 13 15 19
2 17 20 22 25
6 14 15 30 31
15 19 29 33 35
7 8 20 22 29
6 9 29 31 33
20 23 26 32 33
8 17 20 28 31
1 8 21 33 34
3 5 10 27 34
1 10 13 30 33
10 13 22 31 35
2 5 6 7 31
10 25 32 33 34
1 5 11 14 25
9 17 18 21 31
5 13 16 29 33
6 9 11 33 34
3 10 14 15 22
2 7 21 22 25
19 22 23 25 32
14 18 24 27 31
7 11 24 30 35
1 15 27 28 29
7 10 14 19 32
3 13 17 23 30
7 13 21 25 31
3 9 11 29 33
5 8 9 17 33
15 19 25 30 31
2 14 28 30 35
5 14 23 31 35
1 13 21 23 32
3 18 19 30 35
1 7 9 11 33
1 5 11 26 27
1 11 14 28 30
1 13 22 25 27
12 18 22 23 30
11 25 26 27 35
14 32 33 34 35
2 21 23 27 32
5 8 10 31 33
5 10 13 32 35
7 17 21 22 28
4 8 19 22 29
7 11 15 27 35
12 13 19 32 33
11 20 24 31 35
9 19 22 30 32
2 12 13 29 30
6 7 18 34 35
3 10 21 23 30
3 9 19 27 33
14 20 23 27 28
3 21 23 26 35
6 11 18 29 30
3 11 17 19 26
5 17 23 31 32
1 21 22 24 25
6 10 12 15 28
8 12 17 20 30
6 26 31 32 34
9 12 13 25 31
5 10 13 21 24
4 5 15 17 33
8 24 25 29 31
3 6 7 11 30
2 14 25 29 32
8 10 11 17 19
9 18 20 27 33
4 7 10 28 34
1 11 19 22 35
2 10 29 32 35
14 20 22 24 27
6 23 24 27 29
4 8 12 24 30
2 6 8 17 32
3 4 5 12 28
10 12 26 29 34
18 25 29 31 34
9 22 24 31 33
1 11 13 32 35
1 12 24 31 32
1 2 11 34 35
6 8 16 25 27
6 19 27 28 29
7 12 26 31 32
4 20 24 31 33
8 13 24 30 34
17 18 21 23 33
8 18 30 31 33
14 18 19 26 28
17 24 28 29 33
5 11 18 29 34
1 5 20 21 24
3 5 14 33 34
6 18 20 22 35
1 15 20 25 27
6 9 25 26 31
9 12 14 22 23
4 6 12 13 24
2 9 12 15 31
5 11 20 30 32
16 17 23 24 31
4 5 9 12 23
21 24 26 27 33
10 22 32 33 35
7 26 29 30 35
2 13 16 21 35
4 9 13 14 33
11 18 25 30 31
4 7 8 19 24
19 20 24 29 31
2 16 32 33 35
10 31 33 34 35
1 4 10 14 29
2 10 19 28 29
12 13 29 30 31
4 15 23 31 33
8 21 25 28 33
14 16 30 32 35
4 11 17 20 21
10 16 24 31 33
4 10 19 29 34
11 16 19 21 25
1 14 29 32 33
3 7 24 28 35
13 21 22 30 35
9 10 15 17 32
8 25 26 29 35
1 6 15 19 35
4 16 18 23 30
9 16 20 26 35
4 5 7 12 26
4 9 22 24 31
7 10 22 31 35
3 16 17 22 35
5 21 25 28 35
10 11 20 21 35
6 21 25 27 32
1 6 7 17 31
15 18 21 27 34
7 11 16 31 32
6 8 11 13 22
1 5 8 14 22
1 13 21 23 32
3 21 27 31 32
11 14 27 33 35
15 22 25 29 35
20 26 30 34 35
2 3 10 19 27
5 9 13 33 35
22 24 26 27 34
6 16 20 25 31
8 10 23 32 34
8 10 12 23 25
2 4 24 29 33
2 6 11 12 18
3 6 17 22 23
3 4 16 23 28
13 14 29 32 34
1 14 19 24 31
2 8 12 13 17
1 2 7 29 32
12 17 27 29 34
3 12 15 29 34
29 32 33 34 35
6 8 18 29 34
1 3 9 19 34
2 8 11 21 23
14 16 25 26 35
1 16 20 23 28
1 9 19 20 30
6 10 16 17 25
3 4 18 23 32
15 22 31 34 35
22 24 29 31 35